Набір чисел:
6837
4192
1536
7703
3592
5808
8634
2899
9867
4561
1226
6989
9197
2177
383
7141
4059
6659
7216
4308
4314
7534
7949
1203
4165
9881
6859
2619
8608
8900
3658
9040
4092
4633
52
9423
7950
2941
1758
7619
4044
6
5820
9673
9743
9017
736
8742
1265
8759
31
8212
2234
140
6430
301
6368
5110
7468
3000
3188
5562
6748
8478
653
5369
9604
2678
831
9528
9846
6070
2171
8715
8131
618
3272
1113
2470
683
2316
9985
7586
2846
7649
7963
5220
9959
1650
6050
4260
9731
7652
5100
9556
8369
8652
1511
4676
9554
9493
968
8287
491
8180
5883
4521
9538
235
9332
5361
1352
7329
1405
1653
8639
4427
9954
4439
5677
9028
4953
6757
647
7806
1162
7998
5679
3550
8537
8310
6496
4884
7936
5375
9068
6862
7002
3239
6370
8116
7028
9937
7016
3694
2985
9371
9166
2857
4260
2984
6401
3259
5679
3366
736
6313
6366
7634
4293
7819
2767
7729
5534
4897
1315
1723
1111
5413
7387
9993
611
8809
4382
401
6101
6415
7208
3832
9312
4617
3477
8028
906
3774
8617
5746
3300
425
1811
6930
9500
7935
2179
2947
9629
9051
7968
8158
7022
2456
1400
1918
4425
6747
568
262
5852
2498
1480
9055
509
428
6695
1830
3051
7112
6551
5487
4268
7474
4975
2286
8963
783
3694
3868
8273
3852
810
472
1330
887
9925
5001
9953
3103
9854
9701
5658
2775
5139
8998
7488
6996
5333
3646
4350
4306
6848
7957
9043
6079
923
5760
8086
3587
2519
7351
6815
1079
3786
12
3968
3032
1082
4670
9628
2270
1234
9194
277
2542
4088
7105
7541
3305
9433
3222
8364
5621
27
49
6384
2555
7435
4335
1473
3663
2272
8333
8865
6016
1513
3037
4306
8481
6740
5792
4931
3484
2464
7500
9759
9958
5243
9365
4090
2970
2080
4139
4387
1495
5040
7932
3831
8708
7663
856
5783
1513
8238
6499
9482
3254
409
2521
6681
1836
2961
7141
3873
9678
2643
2272
9346
2181
5529
8973
6273
1334
3125
1405
6615
8062
2865
2966
9251
5401
5496
2877
4580
1788
2939
5994
8664
9636
6249
2157
6676
9546
2834
3828
1495
7271
9220
8148
1072
4386
6189
4906
7793
1843
5886
1031
8379
249
2402
1554
6165
3417
1317
7812
1117
2636
801
6771
7193
880
325
1819
6612
4607
5985
5794
2821
4196
1908
4792
1573
6517
918
1775
1269
2067
2617
4828
504
6387
3084
5589
9377
3538
3027
1687
3911
5382
3722
1442
772
4936
4693
6558
1855
5377
6955
4515
1382
7991
4192
6003
6236
9413
6625
9475
1692
357
3105
4812
9432
1241
1372
967
5409
2580
1647
3905
8732
7941
9274
5535
8247
6942
7818
2468
3884
1060
1521
6299
7623
3313
6378
7139
3702
2851
3709
6231
8277
1359
4257
7782
4416
4936
8570
3902
6849
6842
2144
6121
8713
4535
9097
5333
2760
3006
6154
8049
9713
1381
8115
8170
1824
4122
4680
528
2410
956
6727
1355
3164
1655
427
5053
4062
6521
7260
5183
9975
9944
8621
7880
6301
2155
1221
9320
6955
3465
6240
1302
7689
1437
2498
709
8446
15
4808
9503
5970
9899
1404
3425
3479
517
7037
3234
5005
4870
6328
825
4757
9295
9917
9992
7625
2096
3755
2018
8726
5736
5574
4455
7368
4432
1811
5106
1456
5011
7345
8140
5686
9952
6993
1778
5250
400
1284
5913
8962
1282
3551
8297
3612
7115
8619
7446
9014
5380
7128
8480
5477
1776
4649
1047
3276
8961
285
4421
1252
630
7955
8641
1084
5187
6274
7878
7955
589
5269
9634
8681
9433
1097
8861
5082
8632
3983
1532
7418
2560
8610
1618
6759
7148
8104
832
2518
3227
7543
5615
2912
5794
1720
9492
8730
2296
8401
365
1638
9158
5208
1308
5655
852
6433
772
3560
9361
1024
8201
4659
540
5461
2438
3427
2758
4303
7352
5248
9004
1392
3751
5087
4999
5864
6195
7223
9674
2411
8101
5828
7300
8507
2812
381
39
3388
829
233
5719
1283
9946
8484
8485
6440
9061
8121
6613
3008
5174
6799
3842
5983
4267
5720
9405
6128
6383
439
6405
6279
7924
6609
1697
6833
4672
9737
5123
4503
2305
4378
3552
3757
2831
1347
5119
4622
950
2644
9901
5731
6545
5205
6692
963
7512
7111
9472
5363
250
4222
1620
3478
6139
542
726
6746
1839
4377
9814
7680
8489
6213
2798
1699
4646
4376
6871
1591
9418
7414
2143
5935
7249
1865
6494
2544
3216
4008
8035
9273
8343
2051
8439
9125
3669
9000
3961
7474
1390
8300
1303
5388
6440
7639
2322
753
5230
1665
6793
1217
2665
2806
5249
5768
9528
1892
4704
8750
2124
9121
7469
9966
67
8081
8729
9551
8477
358
3735
9817
9978
5648
8450
5847
9199
4466
3444
3340
1830
7600
8549
4587
6590
6653
9465
4042
2577
8105
3749
4995
1194
920
3269
3386
7765
5938
232
8461
1852
850
481
9978
8571
1158
3115
4850
2495
2680
5128
6479
7167
6289
6788
2543
2077
2549
4332
3189
8356
8508
5207
1564
9207
8900
4162
6853
2401
7160
4153
6734
4456
8934
3638
6968
5072
1624
4929
8107
9143
2647
421
8112
2802
6336
1706
8672
3631
4513
1475
180
746
2410
5654
2234
1329
6868
3113
6198
8562
9770
916
4372
4030
8458
6724
7590
517
5540
3932
1611
8437
9801
9400
2466
7707
2766
1047
484
4257
344
9651
4833
3951
9794
6029
1308
2501
4760
9069
9522
6603
6501
8424
9509
6285
6172
9848
8508
2527
3917
8545
4598
9564
2396
5077
2487
5194
4285
3804
9711
3252
4572
5118
1476
3240
5101
7001
6893
8974
7752
2982
5098
99
7898
870
1381
6937
5224
8200
523
1846
6097
495
6993
662
3503
6440
5488
1544
2609
7005
8458
915
9720
7097
3024
307
3598
3342
6920
656
558
6807
5871
528
4159
3403
7441
1947
1575
4470
8563
2160
4545
6432
3218
6311
5734
5007
5936
5828
4904
2601
9934
771
6980
4035
6478
9664
9546
3809
6456
496
4478
9419
9216
4286
2762
9937
2240
9607
9084
169
8418
3494
8283
5250
3601
8051
3263
9616
6063
3101
6272
1809
96
8894
3669
9818
6768
6650
6599
9295
9766
4070
2667
5349
2268
5968
5957
7248
1235
4199
6489
3630
1874
33
891
7298
5038
4690
6722
7735
709
2139
9566
5905
8039
4159
3294
6285
5720
7756
8766
2299
8853
9176
6419
6488
7578
7597
288
4267
2513
4334
9095
6181
6837
5824
7907
2801
2582
694
8167
6770
3601
153
7963
1913
1945
1993
2770
9131
4528
1250
2496
8498
8542
6795
3259
7555
621
4827
1658
571
3595
4451
3803
7522
3467
2952
2842
7442
6702
7489
1719
8865
6521
3932
8818
7859
3490
2478
4528
2797
1067
9077
7806
304
7759
2554
9511
917
6040
6591
1856
4955
3977
2481
822
1611
6172
1900
1626
6493
3254
1064
9584
504
8317
4036
4662
7353
940
2571
7270
9690
6101
7773
9078
9916
7816
5496
6386
8500
8238
2955
7251
8803
4081
1823
1592
5190
774
5102
8090
3462
5094
1363
678
2160
9694
5879
8043
1000
3943
350
1352
4040
9319
2292
1342
5134
4902
2112
1105
1420
2841
7713
3487
511
2964
3249
6629
6510
9866
9911
7668
3072
8166
64
5471
353
9402
7592
733
312
1131
7715
4807
9744
772
5120
1065
9279
5338
2284
9150
7108
2515
5
4058
7874
7351
5196
8878
4680
2789
8267
1437
3749
9014
5654
7567
6960
692
7991
4928
1601
7266
7326
1900
773
8302
5246
6236
5493
6554
7076
4082
927
3862
8804
7242
7040
1537
4634
5846
9013
4519
9541
4696
4796
1206
1287
5496
6900
9519
1934
4924
3625
346
9526
4634
9827
7297
6591
4938
3984
4509
2639
783
9279
9741
64
1764
5455
8050
5881
6919
4784
3282
8054
3923
4637
3020
3816
8533
7466
6625
5873
2993
8485
2166
8698
8736
7010
6348
5310
7742
3906
4754
6660
5424
2607
3972
3417
8184
4406
728
448
2559
8897
4630
2321
1000
1689
3383
559
6884
3061
2107
9497
5477
8185
3464
860
5874
5490
4845
9760
8167
78
1618
7245
9544
7126
4691
1885
4662
3124
411
37
2030
9876
1527
5124
535
899
9709
2756
2363
9612
3599
908
6847
9643
5490
9261
1991
6687
481
7840
3575
6995
1397
4578
2787
8694
6882
4807
3703
7692
734
2512
9145
212
5129
6906
479
7421
7755
4665
4709
1563
1421
7420
744
526
8240
6840
9402
1977
8928
2712
2741
5985
8078
8319
793
8248
3568
7869
5376
1484
5577
9328
7472
1365
2616
3228
6667
4906
19
7845
9460
7069
2256
1544
1962
3803
3538
5327
563
611
8300
9890
724
8760
9970
7644
7940
3278
6601
1469
2388
1747
3688
8596
9897
5582
8819
9805
2172
7103
7003
6284
1184
6591
9733
7560
5665
8444
6356
3474
762
2407
8476
8218
3645
3670
2570
3597
9415
6567
3951
1361
7852
460
2175
7212
5580
1770
4879
6955
9857
8411
4200
7436
4884
703
9117
8010
9033
5639
2641
7640
9198
5658
8037
562
8482
1103
8405
1331
4336
1493
853
4283
4176
6511
9563
6409
6862
5559
2937
4504
6998
6496
3616
5279
4591
4897
9670
8795
906
403
420
8846
8436
2916
4825
8917
5486
9400
3632
5206
3359
1172
6939
5142
2061
9162
7237
2192
1373
7315
3942
8445
4471
9177
4325
8082
288
6274
6821
5815
2392
7438
9240
2915
5870
5890
2737
7928
6731
5230
4580
325
2984
8332
6516
4068
8320
1025
377
1773
3867
9357
1410
9056
9394
6330
9356
1695
3321
218
2954
961
9589
5409
2266
3152
2569
815
1944
8872
7165
8768
1087
3708
6102
2684
8382
1103
1885
519
9626
1426
658
1656
3177
8794
4920
9495
8502
3743
6078
7801
7120
9097
5400
3403
4072
8015
9490
5278
4332
5517
3495
727
446
8157
5085
7515
6435
3356
3968
8668
176
3108
1532
2648
7534
6372
6934
8700
9938
4757
7766
2080
3352
1970
7408
1357
4978
9636
3687
8725
9494
5751
6516
3973
538
3024
163
7906
7212
7583
5416
988
5200
1377
6617
8253
6955
1347
7919
1734
6221
176
5737
8591
8337
5498
656
3550
6853
4549
4184
3944
7171
566
5532
8724
7262
7444
5585
4196
7502
5049
2924
3452
850
7675
9744
4902
979
8847
1908
5781
5988
4066
9007
9642
9489
4937
2430
197
5075
5669
969
3185
5267
7279
7140
1732
7688
5584
8611
4371
1493
8603
4478
4436
6054
3113
7809
3732
8038
8382
1569
7312
9997
2859
3759
4193
3786
1560
9533
7541
1139
2294
4046
5648
3098
9821
2768
7067
5007
1127
828
304
4454
6284
4669
5650
621
5241
5850
9899
921
2808
4721
3068
7785
3152
8733
6819
929
2595
1574
6584
6609
7651
368
8374
9491
9195
455
7399
617
4698
7771
9558
5446
8781
3620
4862
5936
269
2838
8790
4891
2936
5798
105
7118
2700
4461
2997
1354
7308
7744
7075
1954
7001
6897
9507
9438
60
9783
3086
2445
759
973
7400
5125
2358
6624
4341
2550
1705
8199
1882
1486
3428
6726
8963
9122
3161
4870
3
1112
1518
8849
9015
4914
3672
4066
838
7676
3415
5807
7516
7419
811
8447
6726
8575
2306
7371
4422
1190
4671
6499
5105
6746
7777
7397
1915
9091
1935
7061
7342
1505
8744
2465
1581
5413
9685
262
5852
3234
3704
2629
2882
426
2277
9149
5353
8806
1307
5783
3923
9548
7459
901
1560
7892
893
4883
1837
7493
1214
2495
1403
222
4975
238
7937
6599
6169
6333
9817
2333
7488
3153
9656
3627
7196
9509
4832
8855
3713
2835
4704
5297
985
5258
9603
8829
7309
2079
826
6352
1319
6065
9978
3908
793
643
9263
4891
4298
6659
3074
3660
4812
2191
3549
883
5192
2864
6145
6749
7209
396
9588
4140
8645
5766
1013
2583
2155
4113
3468
4550
1639
6770
9406
684
9433
1859
1114
3480
5199
8849
8793
7744
1722
689
1031
2915
9682
7544
8456
3680
2927
9072
1440
8193
415
4718
9526
8753
8070
4251
8700
6108
8538
6354
2603
9061
2598
765
7281
5299
459
6522
9622
6657
9616
9733
5389
3412
3250
6479
9292
963
6993
8119
2556
7459
4194
464
6075
4393
1092
4122
1508
6110
6257
2763
9048
2423
3044
6460
664
7647
7378
722
6961
298
89
9691
405
5997
8689
3672
7191
6134
1062
7369
1574
677
1585
8789
8576
9628
8577
5761
3656
6264
7539
944
1836
4805
3891
4777
4611
1418
1360
3892
3231
6438
727
657
7103
6494
151
1855
1407
9337
7207
7959
1626
9769
3417
6895
3611
786
5797
5333
2913
5092
957
8341
6700
8150
5566
8168
8646
9785
282
2318
6664
7850
6740
2007
3882
8054
5952
7437
7493
2186
8704
7465
3702
2272
8546
5241
2243
2094
1738
5641
4999
4833
333
3051
4221
3196
1174
7487
6022
6786
6859
1848
6327
4873
9831
6154
4128
2539
8425
8191
9956
5304
4659
7730
323
1932
3629
3670
6305
725
921
6855
6877
6162
1948
8215
3338
6192
6009
3594
4942
487
9415
1141
9029
4794
1027
7541
3790
5380
7553
3321
2825
4636
8803
4231
9264
5641
52
4950
1451
7995
6591
451
5358
3794
8773
9791
7694
6778
7480
4515
3459
6014
160
3370
2827
2769
3404
6139
6077
9907
5027
8940
5751
5751
2799
1687
5630
4976
749
1324
7812
1147
2986
6932
976
6571
5598
4293
8179
5642
8517
6475
307
8635
2131
6980
2358
984
1134
4391
5375
1271
985
2979
153
7562
9440
8633
3303
313
6716
5711
2845
2085
5810
6944
9460
3217
5150
612
3637
5312
1649
3970
6048
2129
3962
1384
4809
2059
123
4959
8985
1538
6605
7747
1753
4581
3721
4800
5054
4733
3152
7809
1444
8458
1144
918
748
8624
4808
2894
5038
9276
4674
3883
6833
4437
8238
3505
1658
246
5206
1935
9028
6806
395
7041
2997
6189
2085
3415
6168
8193
2044
2280
6328
3876
5380
4642
7448
4322
531
3198
9818
661
6183
1848
9480
9209
3099
2290
6596
8333
9519
9684
5363
3553
3139
4916
1865
3032
7969
684
1084
1275
7749
7131
1872
2921
8367
7941
6008
9668
7384
7704
6394
4830
7267
8839
8901
6432
9305
1994
724
7650
7743
4105
2936
7955
5754
6478
6329
1523
3691
5106
4073
3772
3204
5050
3484
8744
7783
23
8461
8268
3525
1011
9851
1194
3634
8160
40
8098
2243
7283
435
1952
3331
2369
9029
1083
8096
4397
3703
6809
914
6183
2783
8571
6639
9953
9536
9351
4982
2403
6486
6903
1333
9372
7469
6657
5276
3759
5650
3136
1868
2925
7113
3118
9219
8375
2845
2471
795
5013
3113
4349
9397
9731
1421
6234
698
6578
4801
1452
6982
7655
2097
9678
7156
419
6033
8166
6050
918
6562
5768
6470
2401
4341
2893
4494
1641
9896
9047
6875
6808
6833
2041
7417
3592
5597
6322
6652
7085
8148
4502
4350
8340
1486
1781
7952
3420
5650
8893
7208
1991
7210
6910
6559
6248
2967
6792
1325
5354
524
332
6627
347
5437
6547
3290
5800
6315
4397
191
7718
2546
540
8195
1739
8838
6241
1210
9093
2551
7131
1780
5358
672
2948
9345
653
6189
1235
2840
402
701
6458
5418
8722
9652
7640
4618
6168
3100
2217
1386
2481
5014
2055
9104
8481
5741
6113
8526
8580
9235
5029
244
8222
9672
6311
4682
1397
40
6657
90
4119
8162
8234
5773
1811
2819
3572
4789
47
9098
4156
3495
6276
4824
1319
3084
4156
2057
7918
7428
1959
3075
9091
3597
581
7166
6059
8608
1717
2182
6574
9169
1704
691
246
5040
8498
5780
7649
3526
1657
3316
6989
2725
969
799
8907
2730
4001
9051
695
7651
9540
3467
7915
6691
7220
191
860
5059
2115
9455
2138
8886
8729
9823
8754
4404
904
3181
9591
1172
5806
103
7170
8205
9245
5753
3522
2446
2302
2563
1677
3081
3652
619
3621
4985
1035
6095
9155
1623
8885
5062
7049
1888
5949
7197
5373
3636
5025
6982
4965
5188
365
3038
741
3514
8441
204
2490
8411
6982
2947
3321
6324
1751
9531
7388
9089
8700
2516
8705
2673
5769
8530
2931
8895
1740
9346
8947
5287
7830
6611
4081
4326
9412
6279
5289
3000
2392
3786
2875
6520
1794
9077
2150
6083
6442
9863
4079
3210
3888
4823
7331
5897
2969
365
8242
9630
7362
9378
3147
3091
1304
4168
6562
1218
9193
8528
6891
7309
6913
895
9593
3498
3646
3769
1519
6349
5297
4100
2234
9041
1381
4037
1298
1120
2842
8016
50
6676
6370
3438
5313
9115
7790
6818
8709
6267
2393
9366
7332
5753
122
7500
5426
4721
9766
9904
2567
6188
6776
616
4528
6162
2338
2659
734
54
6309
6284
4217
9768
5748
8511
5634
2410
4456
1753
3390
741
2092
7568
3832
3024
2601
568
4666
5394
1810
3796
9132
1659
3380
7019
5280
528
750
5417
9260
4022
9653
6383
259
6530
9310
9142
847
4755
1383
6832
1461
4968
1647
1433
7924
9809
9781
2613
6717
270
3456
716
2888
3587
3877
4877
5025
5183
8479
5455
8180
2880
8567
7434
1298
2751
3432
1676
4222
3561
1752
3981
9089
7835
4532
414
2816
2142
1919
8660
914
1476
9901
9104
7694
8683
5377
7686
2171
2660
1011
629
1407
7551
7304
5145
2117
3323
4812
5506
4150
5726
6741
9276
696
2078
3748
1388
942
9941
5180
8858
2527
8218
8160
6988
4963
6997
822
4662
2990
7776
3934
4383
8711
4460
3005
3030
3472
6606
9822
956
4947
1096
5325
6421
7137
8120
1041
3717
8122
1184
2594
4587
4540
1467
3527
9344
1051
274
4119
6227
4715
2544
799
5824
3171
6025
3345
4333
1300
8346
2388
2022
8700
4662
1169
2867
7921
1769
955
1964
4703
2752
7373
3139
4585
3297
1646
1881
7967
7994
130
1715
6440
7232
5190
9761
7620
3643
6756
2738
9822
3579
383
6637
3567
771
1839
7803
241
9436
7485
2657
10000
2196
2953
5839
8937
1491
6502
7391
7487
5171
4866
1574
3671
9498
713
1525
9379
2693
4827
5156
8351
3861
859
925
1913
4651
466
3697
7204
2354
2444
2114
1961
4026
4181
3996
240
5444
7628
6031
7246
4358
2221
7113
9203
5037
5278
3456
4983
7311
3701
4352
9024
5505
9308
9878
2438
779
5196
1806
8748
8499
709
4504
7544
9164
4168
1937
6015
4075
2088
201
161
6842
9999
7902
1392
485
837
2964
9915
3708
9296
2258
4280
3446
4828
5982
3909
174
1683
6933
7808
3993
1946
6436
2831
7604
9738
4139
9363
6345
348
2486
7094
6189
508
5236
4128
9259
3165
5281
3537
7499
762
6928
8443
2733
1915
7344
9969
7184
1558
5378
4359
8697
2301
702
2751
1911
9571
6515
9150
147
3163
6875
4840
7157
5491
473
7049
2606
9124
779
3979
3713
5455
3148
5579
3674
5171
6600
3982
5450
341
3878
8872
8086
1611
1257
2461
6871
8021
4189
6240
578
2598
4854
4466
7877
1037
9747
3212
3923
6372
8688
697
8471
7142
7907
432
2361
9738
4253
5168
551
9989
9554
2528
5644
7089
8188
2655
4033
2965
8011
6125
8429
2050
538
321
2253
1246
8435
5083
4009
8536
8008
3037
796
1975
2320
1001
7933
2690
5066
9194
9313
5517
8008
4091
3035
3521
5919
8580
3516
2047
3456
7617
5000
9217
8055
6343
7722
3311
4886
1410
9132
5302
7462
7352
1532
6700
5120
2851
696
7979
6769
6411
5347
3716
2785
2824
8401
3777
9611
555
3826
4673
7108
3342
3187
1467
1922
5701
9279
8324
8566
9803
4949
7908
3682
7819
4562
4152
1738
7308
8667
5741
5031
9209
7526
8897
7895
8537
9958
6978
1370
479
6050
3880
5015
2617
2952
5643
3027
3491
3417
4710
1383
1567
7898
9962
6000
6156
1174
2625
9688
9370
8646
3999
6960
3523
7100
7592
3462
9155
3026
1604
9429
2263
7048
7044
6267
2556
89
1467
1472
6851
3892
4141
8895
7789
4890
4405
5698
339
9706
3830
4352
6086
7016
4675
7331
2731
2730
1657
8457
9939
4684
643
2189
4174
8068
8918
6049
2902
6511
2447
5745
8880
8531
9163
6763
3159
7762
7789
272
7088
857
7016
9845
9698
8791
4730
8592
3952
1905
62
4877
8853
7866
3558
7069
6961
4002
2664
2007
4400
2682
9500
9633
801
5787
9205
4371
2275
1124
6015
3624
2402
9342
4198
4151
7029
27
1599
5154
8959
4154
8769
1160
5260
772
6341
4669
9956
1369
5805
9655
7255
9437
4026
843
8844
2475
8350
3069
988
2606
2025
9504
6259
5319
4767
9822
3067
8245
1233
3131
6748
9670
446
7239
1607
5747
1630
7083
4533
3435
4374
719
924
2113
6897
4937
1441
4841
2915
1209
4021
5690
7802
6844
6943
5105
3426
6514
5806
211
4197
5060
4302
651
1192
3765
4495
8071
8648
2215
137
364
6488
6267
4206
2952
1701
2313
4409
3481
3962
5439
358
7277
4329
6813
1494
6202
8558
4256
2475
5901
6790
7292
8681
6742
5923
1445
2703
3909
1610
2037
3100
8175
5497
7298
1338
8763
9598
9423
4554
7946
2577
8785
8473
8610
452
6270
6359
8948
344
3258
3282
4540
3029
5274
8905
2009
1174
9694
3632
8124
4722
1041
4664
2178
9098
694
9661
9187
601
9916
3957
5920
1584
4657
1712
4073
9752
5012
7810
7233
1449
9725
2404
8530
3426
332
9054
6352
9046
8349
7036
329
5862
7420
6783
2706
1704
9835
1999
5694
1415
6087
9235
8055
4550
2023
9866
6403
4543
32
6726
929
3900
2249
2965
8075
256
7344
1433
9324
3765
9377
3464
4407
1934
9610
4378
6611
5166
5264
4540
6158
4225
8970
8021
6370
3184
3632
8006
7495
895
2749
7514
7697
5972
8559
7130
560
85
3608
3026
5123
3292
3605
7628
3176
7624
7420
8897
8355
4427
2997
1568
7230
3696
5886
1129
8618
4378
7060
481
7726
1211
8989
5168
4412
6236
3853
426
2239
9811
6135
6774
219
2675
1171
7389
433
5299
6720
9
4790
5598
2878
5376
4522
3783
5780
296
9584
6402
7165
9646
6725
8577
143
119
7156
5471
6364
353
2166
3538
9058
5143
4158
2764
2418
5341
8139
3359
6100
8218
3105
6019
6493
1247
4618
8248
379
248
2389
1949
773
7337
8848
9702
4828
7660
6707
8940
4392
6512
8461
2789
8855
672
6794
9011
2278
1959
5556
3469
9533
9711
6534
9371
7580
4791
3565
5051
4838
777
8741
3373
9071
8334
7471
1620
6296
8320
3028
8649
6859
4204
4489
1401
230
1350
3165
333
8290
3291
8444
3423
5703
8319
3881
9801
2155
3078
2903
1281
436
8719
9899
5871
3225
9471
1428
9921
3540
2669
7038
361
713
9032
2312
3350
7183
3717
8334
9525
9534
7511
8786
1448
5725
6274
2301
9994
7161
6927
4916
1374
7890
7387
7099
2468
3849
6548
322
2240
8194
1700
3783
2579
1374
8156
7867
3774
3806
7018
7185
6724
9154
2503
3391
1231
6753
8048
6371
5499
5887
2867
7048
6099
5575
9087
908
7518
5015
1565
9668
9528
7720
3604
4146
8190
6953
7854
7869
7441
6353
7701
8287
6055
9773
8887
3924
2973
1031
4402
5655
4827
3504
8663
6844
5186
3372
7793
5250
9210
2109
9582
9419
8631
5891
9220
3934
1487
4396
8570
4151
2353
9506
6219
7091
5094
6315
4544
7456
8282
6387
1837
6862
7063
3318
4599
3946
9769
8298
2619
5892
2625
2308
3506
9425
7664
9236
5509
7401
1361
8141
741
6806
4894
5589
6532
971
3509
919
1274
4616
2962
2375
6070
6946
9460
3304
1433
1917
7123
9953
2830
7312
8748
2596
783
2415
1817
4084
5303
2833
8232
8933
9122
1842
9058
4339
9218
6097
7328
9491
8752
963
4683
9368
247
4537
8951
1924
8885
9009
2190
242
6396
7931
4730
4461
4117
388
3253
1844
2136
9339
6209
7421
8555
2039
1540
3194
2150
3446
5188
7318
1083
5098
187
4716
7846
4164
5279
2806
826
5293
3918
4039
5163
3284
6214
5822
4674
9033
5394
1383
5459
8940
346
1364
398
4384
7369
1505
1431
6618
6731
575
4626
3118
3408
5654
7378
6857
3485
1188
3709
7964
4207
9984
2728
9754
1091
5249
6093
5120
2921
3234
2924
6823
2308
7959
3570
8142
2871
5868
6314
9879
5712
7200
7571
1519
7855
2642
5291
998
6039
1127
8031
8498
5440
9399
2032
7628
397
7438
6703
2040
2052
7145
3105
9305
8602
6119
6406
7541
6410
799
6422
2357
3070
8183
4005
8590
2991
2673
8770
9208
6294
5073
1280
6065
5167
1054
7884
2793
5831
1045
9206
1580
6947
8241
6419
3756
8850
741
8917
105
9154
9087
7937
5320
3255
4301
5451
5019
2836
1410
3004
3971
9746
5462
5258
6581
4927
2653
4157
6545
6741
2685
779
8342
8393
5677
5951
720
4378
1388
2248
2943
1702
4949
9123
8067
2262
6810
2327
9524
3510
2209
2103
6621
8292
4392
2139
9099
2926
1315
5029
5787
5435
5043
3464
1481
1477
2829
629
4050
3314
1741
328
6062
8750
8682
3780
3917
8964
9687
8662
869
5718
2571
2899
1597
2289
6580
2458
3757
6377
3025
7077
3809
1639
9865
7503
9211
5926
9705
8587
6461
6312
4470
3303
4884
2365
3172
6823
394
7816
9518
6960
2210
2542
4379
907
1146
2933
2095
2560
6341
2514
194
1320
2335
8967
3323
7729
199
7293
4603
2892
3293
9107
3447
1359
7007
1436
3364
9953
7534
2225
4653
2729
1424
8434
2458
2447
8953
8510
3413
3629
5152
5924
7537
1146
6478
6210
5336
9043
7421
1881
8482
1010
4284
7963
4545
8243
7677
9082
7426
1200
1570
7321
3997
604
8611
9182
316
3650
1630
3319
6206
6470
8366
9140
6994
8209
7430
543
1916
1581
5407
8828
6535
1058
281
8537
8635
6795
9213
9689
7272
9656
8676
5178
6847
7414
5039
8048
41
1685
5560
57
574
882
9514
1139
6659
2462
8743
7262
5048
4962
7875
4385
2228
6374
2017
116
991
1625
2568
6097
2300
2413
757
7182
2644
4957
8053
7459
1457
460
5221
1489
4397
2777
899
645
3991
6495
9325
9869
2926
8476
2396
7049
8664
2277
3496
2678
7002
9238
4062
2032
7623
7614
4172
4449
3520
4412
234
6647
5714
384
360
3631
3710
382
6865
3338
8401
6994
9889
7539
4648
2586
6274
9534
435
1687
7409
8684
631
5907
4259
4566
4845
8382
7212
8105
1715
2648
3915
9694
6682
3828
907
1570
8400
9111
8319
1440
915
917
5651
7268
610
866
2322
2715
4491
9406
4993
515
6799
7848
4377
7811
4953
9694
8996
7280
1557
1037
4332
9414
6138
3501
4452
7010
2373
5955
1339
372
6542
2929
5326
5278
6133
2331
1491
4331
3265
3445
4602
5764
1141
4108
9978
526
8331
6460
5346
9391
4295
8777
8731
9563
2058
706
1311
820
3218
9381
6468
7554
8607
2352
7378
9596
9797
9305
2504
2000
4711
6980
131
2589
119
8324
7767
6728
7207
7940
1217
1338
7601
484
9985
8942
4361
1225
7883
2876
7636
690
458
3588
2968
294
6168
6229
4295
3386
3376
5179
4449
8411
959
3077
9743
30
7082
4241
6975
5463
4762
6650
6856
1217
718
7648
490
220
3168
4939
7932
65
5442
5099
5552
2277
6978
9284
245
4429
8153
4762
767
6914
3209
8783
9762
9751
5988
9398
1735
1826
1351
7654
9572
166
6301
757
9163
6129
8781
4710
67
7066
1531
3673
5499
3474
5604
459
9440
4949
9523
8124
4240
9658
9968
6497
2956
616
2076
9644
54
5415
6725
2798
3939
8647
6827
2949
4697
9279
930
2539
6277
1747
1683
3555
5418
5138
712
4923
2924
7069
2972
9195
5205
6895
1416
3182
2697
42
5277
3589
1414
8808
1171
2747
5116
259
1837
4264
3232
8678
6582
7863
8984
2715
5045
1600
192
3077
4644
4301
7237
2730
4911
3890
2449
9308
4945
3185
1830
6364
8369
1718
3684
1043
4760
7050
2939
8543
1698
6538
3879
5670
6648
5921
5871
8725
4171
6189
8400
8994
9185
8184
1484
5672
4040
7988
472
7732
9338
1836
2133
8790
4262
6888
2534
5915
3580
4424
6876
3941
8793
252
3863
609
7985
3439
8064
3347
9018
7655
3431
8120
5682
1452
5115
7089
9365
2040
6979
7285
2445
8301
3081
292
3707
177
2446
9953
8363
9454
1986
9555
262
4818
5599
3707
3095
8265
786
9509
6715
5095
765
851
364
1821
6496
4086
8392
247
6643
8023
4379
1299
9094
9991
5065
690
4800
1117
5233
1746
5359
3764
7145
6153
8416
9541
166
3028
8789
4912
2350
4675
3444
6407
4152
4837
8411
9010
3222
3933
3071
3025
5545
282
7900
9045
498
6106
3891
787
9555
1551
5239
9902
1201
6316
818
9530
9950
8708
7326
9212
3127
2055
9424
4145
9400
5433
9536
5302
840
8647
3956
541
8498
6861
4130
1329
7642
9484
5023
8663
3877
5492
9089
6185
1176
5981
8057
7871
9263
6977
4472
2595
9148
3009
7679
8239
6464
4496
3296
4192
9860
7933
722
3876
5659
9092
5139
2768
3251
4047
2121
6130
1293
2041
8077
9849
8806
5961
3324
8973
7806
6939
3039
3705
9561
9136
9349
6933
3209
2701
727
19
8933
8768
5915
8665
5470
9169
8916
9607
1501
8879
8746
3382
2896
3737
4190
1169
4343
5673
9716
9402
2860
4265
6288
5492
4225
6102
5341
8733
4775
3749
2600
4948
6035
6528
301
8319
1893
4093
254
2489
9901
7936
488
690
6866
8130
7888
9141
3843
9322
1564
6508
7058
2946
8273
2057
8056
9608
2745
7658
7579
5628
507
1131
5674
5503
3098
5468
6704
5529
1222
4102
3724
9891
3013
1195
2026
9164
9727
169
3034
9811
6391
4580
8491
6567
884
4486
5315
983
9722
3356
7136
4333
3672
4910
3730
9436
5901
2366
9643
1990
6820
3969
8713
5966
7071
3090
8212
2925
6074
7699
1134
4230
6662
7477
7979
7367
3175
8067
957
5641
8496
1197
7367
3660
6543
4575
7450
1049
7108
6107
9659
7282
139
2573
5868
8369
9828
7436
1054
633
6273
3919
8214
5219
4613
4024
7137
4828
5284
7428
9918
2361
6875
1260
6398
1321
175
7120
6778
5861
3952
3867
7775
5054
1048
2880
5220
5626
853
711
4170
774
7839
2450
2167
1655
8130
391
6043
7048
7759
1970
8934
6780
7374
1989
4496
6905
2609
2480
2681
550
5304
917
5299
5898
2493
4780
1111
200
1378
1334
9557
4046
9833
5010
6691
8654
2441
9108
8755
978
7793
2454
7036
9252
5051
5000
8694
3015
9888
6108
3051
9646
990
4199
4908
4208
2746
827
6067
8074
1023
5443
7100
6152
2010
8441
6608
4870
2932
4583
728
9947
68
8161
8565
4463
1383
3362
2858
9504
9074
298
291
1790
6357
2315
6242
3696
4048
6279
869
4176
9826
2749
2419
9343
783
217
3846
6557
6103
3898
8972
9207
7672
941
4344
6012
7665
1875
8319
1636
5711
9341
3082
6283
9283
3170
5160
3155
9310
1426
1322
1463
1332
2538
8821
2615
2444
2483
552
7245
5534
9464
5062
9604
2735
4518
4591
3107
878
965
2484
1097
2257
5704
3085
1746
8853
3028
2512
4875
7254
2449
387
7572
6095
9102
1517
493
1575
3897
5500
1063
5929
315
7355
4382
5803
8581
1693
511
4941
2359
8152
8119
9301
6422
8922
2332
9599
4411
6257
3187
1784
5868
8924
2313
7855
3445
6353
2890
5863
3799
6892
7197
4395
3518
6939
5695
6190
5978
1699
8017
5527
2408
5854
2649
5665
1837
6334
5197
1484
9246
8097
8512
3368
7795
8031
6645
5560
7054
2722
5072
1930
4630
5437
9771
7977
2780
4672
8345
9565
5099
3305
6830
4603
4035
825
2770
3928
6114
7813
1290
3110
1720
9131
2118
5538
2987
5154
7249
6424
96
1081
1278
2444
9627
7305
9993
5718
9548
4542
6581
7412
7223
5529
8143
2704
5132
2294
241
8335
398
52
1751
3400
7309
9525
910
1093
2201
9269
1422
4270
1659
3411
2987
8884
7531
284
9984
134
5124
2518
5542
6145
5026
7569
8037
5405
1250
5838
5376
6150
7171
324
3761
990
5222
1039
7226
7048
1666
9709
8034
7365
5846
6381
9970
2430
8607
1826
6282
495
6912
4547
5421
941
3221
3562
238
27
2627
8700
2629
5987
373
3146
3679
5844
2246
8036
7035
613
9921
2778
5510
2349
9949
1874
6296
9810
3827
4616
2743
9621
2804
4314
7253
4394
7773
8336
8344
6363
3350
8237
6074
355
1043
8521
6095
571
6786
6298
8468
3423
9257
7378
6309
2069
276
2435
3261
799
4368
1554
3941
1267
532
6470
8074
8343
5286
6747
1876
8251
8802
2056
805
8237
7976
3173
2495
9389
8832
5089
8106
4297
3167
4322
1289
9329
9974
167
2769
504
5406
4805
5949
3365
8185
1500
4997
6478
6046
5086
2998
9362
7329
9814
9798
7725
7145
4262
43
9647
9467
2276
1036
2362
7191
2613
6664
5624
8575
268
3604
3235
268
4875
7307
3461
6065
9416
2768
1296
767
9057
387
4436
5779
4835
2072
6934
525
1950
9418
3670
9453
249
9130
671
6840
2208
1986
1067
4048
3059
6397
7922
3467
9844
5218
4940
3362
1611
9580
5241
3411
2042
406
7146
953
9906
2810
8352
4358
1195
6508
3992
5474
2449
3134
8913
1783
7118
2803
4908
4096
7819
9721
7358
4859
8367
4314
9058
9626
7499
7842
1648
9144
4822
6224
500
5367
3834
2171
9356
5865
3259
8152
2546
4067
2457
76
5342
5621
7547
3048
6680
3391
1416
4301
4860
1641
4259
6750
8693
6742
5377
8375
4562
7094
8242
4810
8173
8172
6107
7818
2430
7618
920
3099
7189
7594
1213
4512
7545
6684
1905
3863
717
8970
2366
523
2861
9233
253
214
2652
5344
2628
5611
9310
6419
7797
6295
1626
7517
8258
634
9210
4431
8408
5660
8840
1430
2925
4814
7638
4257
7488
1523
8438
6134
4985
5302
488
4852
9643
1132
9016
8349
2484
6192
5096
8197
7798
39
3767
4862
7200
1374
2492
4074
3953
1632
5985
3022
4646
9851
2524
1962
8531
3957
4954
9649
8487
243
4806
366
7419
9648
4728
704
6344
3328
9209
4067
2971
6926
3536
1000
1311
7470
5996
3024
3528
951
9854
8308
1025
4364
5158
5257
9033
2372
5771
228
5296
9415
1670
8441
8661
5169
6125
3861
4612
7410
6771
3995
9901
5203
8713
8333
8062
8890
113
8871
5538
8616
2551
2875
5026
9509
5997
4157
7468
9971
1071
6453
7357
5821
904
3463
3360
7797
1186
5419
5282
2566
276
9412
2888
4413
8052
1351
3197
460
6469
4773
3532
844
5682
1447
3638
9895
623
3067
1245
86
7127
5314
3454
1954
2306
552
2622
1661
4623
2958
5323
9786
5055
7652
5652
4035
8393
5175
6711
2776
8609
4897
4908
7310
2664
4375
3795
521
1496
186
6517
6118
233
7481
8701
4244
4030
7122
8072
1971
7631
4938
9596
2758
7532
7623
1019
9484
3459
9384
9299
3640
2767
8412
5362
2382
2514
3578
7594
3405
4860
5276
8973
3254
6460
1706
4701
7766
8536
8232
293
927
1490
2113
9531
2329
9350
5585
2120
5397
4922
3702
1101
2177
2018
6647
6104
3299
927
2291
8730
2858
2777
9246
3913
7246
1514
4516
7755
2070
5536
1023
8268
7229
236
6894
2730
7540
2400
3899
6852
6672
3313
469
9287
6268
6631
7576
3735
9838
9384
6812
7951
2246
1329
4329
2307
1439
3644
1818
2078
4556
84
7106
6882
2567
2541
2157
2631
7254
9913
6795
2982
3763
5488
527
4586
4826
6718
3372
2450
1337
3911
5191
1049
919
5069
8225
7627
5745
5085
4552
4812
5336
7375
9074
851
4161
6548
8914
8287
3856
3320
8754
8676
8591
6383
4460
5185
6308
7290
8099
4523
2168
8155
2399
1467
7434
9246
758
9507
9169
1004
3487
296
1356
6954
4205
7437
2560
4091
7519
7056
7093
5939
7474
4832
6926
1012
8650
4667
2070
6499
2575
9270
5357
9808
2491
152
5497
9557
9639
6968
7494
4706
2840
9980
8295
2411
541
3722
2397
348
192
9792
6202
6774
5434
8691
8171
1346
911
2937
8410
2342
4079
3123
9173
257
6446
1517
2139
1473
8610
7068
5824
1129
3388
3870
2819
7417
770
2852
1614
9485
7648
6202
1215
3765
9648
9223
4701
6711
1553
5390
6756
7649
3927
8753
9219
7371
4112
3097
6599
2069
5611
2434
5099
5875
6777
7872
9286
944
9059
4527
1168
2473
8994
2866
944
2499
1990
9395
1367
4262
1843
5873
742
2660
572
5223
5378
6509
9452
6175
7441
5693
6285
9961
1683
407
4199
993
6086
6554
4881
4390
424
8983
2384
1389
4448
4585
1082
3226
5834
6086
8633
1682
210
2579
9742
3853
9542
5592
3728
693
739
4240
540
7594
5776
3008
1664
2122
1629
5490
2680
1568
4963
4753
8400
5594
4588
585
5583
6176
6746
467
9315
6073
5317
6432
7252
8764
2996
1707
9281
2047
8478
2169
4259
6816
9456
6528
670
5713
2266
9528
2997
2953
186
270
9652
3762
2315
3326
6173
122
9537
1672
7789
6936
2285
7731
6046
881
4906
7919
8065
6430
8975
7348
9801
6163
729
1046
4378
8192
6593
7575
288
9705
2122
1689
9818
6525
3271
1734
7724
4946
5477
1144
1250
9300
8542
8565
8524
8827
2021
5913
607
673
1729
5325
9698
5516
6012
2222
6086
1571
488
1162
73
1005
3770
2600
6163
7421
7596
2898
4156
9724
2709
5968
2260
4162
6555
5614
8969
2019
5999
4812
9880
6457
597
7588
4969
8420
9727
7826
1820
5646
9427
8517
6026
4976
9381
4762
9759
6974
5166
1495
5909
7642
339
4412
6137
8296
5548
2273
7926
9957
2137
337
8000
5187
6670
739
268
6892
9354
5123
9973
2850
4066
525
8452
6759
6811
4596
7777
3154
2826
6833
2953
3792
6666
5779
1516
560
1043
1052
8189
5207
6419
5460
7817
9553
6098
7816
7847
6636
2618
7163
1675
7040
5472
611
6236
5020
4709
3261
2253
6452
854
1340
8836
9312
57
5756
3091
8992
3093
5667
1907
4249
6878
7800
9412
5138
3618
8393
2937
2083
4887
8171
6698
9644
417
7418
7451
3595
6392
4161
9276
3038
9690
1399
1580
873
6179
6995
3339
6568
4744
8339
5233
9750
7069
4622
3561
3592
346
610
7637
1339
8734
7374
4301
599
9342
2241
1475
470
8099
5925
638
952
6574
8654
5856
1553
1260
6548
7033
466
4239
4442
8783
5010
9222
2844
5129
1020
3211
9923
1858
4969
1756
6349
407
1060
9806
9963
89
4099
3379
1296
7409
1821
7707
5186
3817
5698
9723
6310
6174
4187
5616
1023
769
1239
9061
3409
7412
7820
3067
9994
8240
9211
2054
3463
6572
1074
1703
3399
1464
7730
7518
9520
691
9553
2600
2789
6057
1527
6761
3164
8647
9140
6207
8588
8477
893
9624
6716
7374
6320
841
6458
1078
1927
6128
4085
3244
1872
4459
6365
7612
5533
3671
1715
5742
1167
5176
1100
4243
9926
3398
2351
2128
6132
5503
513
4861
7792
2600
6393
1469
9710
5673
9013
5137
206
4692
137
4839
9634
1220
9036
8182
9345
4036
9441
16
4729
6735
5563
5104
3578
9853
1110
1206
2019
221
9021
706
2861
2881
6617
2637
614
8816
5398
9169
8941
7911
5510
1162
6735
7274
7039
5043
9354
9810
2512
615
8555
8782
7153
2574
3721
3081
3299
604
4995
9448
5953
6927
5323
2883
890
6884
2741
2296
6100
4540
903
6740
8327
7101
4988
6552
9244
97
5216
3485
2569
5031
7953
7098
9483
300
8547
9294
8639
121
5851
4160
3560
1962
8766
6470
6930
1756
1652
4093
5600
8307
6184
6355
7599
5478
3184
7245
3474
8467
9959
8428
4389
3754
2184
1197
3096
950
1119
2134
4163
8649
3386
2411
6052
7338
6215
8135
4030
6141
8235
4096
7563
2812
1989
882
738
3552
8578
9841
7327
380
8771
180
6045
581
2664
4062
2840
6340
2666
7048
5432
5322
2406
3165
3106
1294
9954
5317
4309
6255
4992
783
3031
9987
7109
2694
1797
5728
7594
3154
5084
3567
2412
3178
6737
9706
5460
674
7862
1381
24
4899
6196
3740
1266
4946
573
9177
2507
7737
6866
9661
7272
2571
8746
9741
7890
4454
2762
1174
4385
2594
7664
3010
9169
5532
7880
3966
7061
8087
8916
1703
1609
9976
4265
4306
6094
718
4040
651
5122
7517
5448
7872
4413
8682
1427
309
4785
2326
316
3173
2934
384
2046
4148
926
5869
2761
380
7924
5869
5865
7028
2845
5164
8185
5126
6535
8492
6589
2108
994
5806
792
6553
7805
4671
8599
9363
5103
9526
7720
1481
6327
4250
7439
2181
8421
5582
1461
3095
2453
4641
245
8765
451
358
7207
3922
309
1185
948
6632
7765
2286
6772
9271
154
9307
3227
6882
1645
6825
1331
4657
3734
5771
4449
3608
384
8610
1260
611
2444
8968
7811
3730
8707
9279
8356
7976
3278
757
2051
1212
9027
2119
7618
4474
1533
1675
331
5180
7968
9094
3128
2193
7890
2458
1863
7543
872
781
2467
2491
7144
6732
6571
2876
7757
2921
3156
1539
404
7493
2315
4759
7499
6873
3605
9182
6766
1893
769
5720
1330
2638
5562
8856
6566
5305
4918
6776
6050
5934
9895
8741
9001
3136
7482
9263
3078
9868
8859
6392
812
4218
1168
1615
5705
1509
6648
5345
7289
5010
5072
5151
4769
8009
1965
6386
1501
1052
8856
4213
3602
9623
8427
5511
6771
1050
2138
907
4631
2596
7406
1873
9064
2433
3898
8689
6504
7974
124
8390
5455
9459
6599
1002
9638
7097
7384
8978
4065
2139
8513
6195
6158
4708
8128
5004
503
9511
2180
7878
5585
131
6896
2486
7399
9077
571
3853
804
5467
9929
5020
1380
6913
6915
9115
2213
2063
667
2882
8220
8349
5000
9166
6568
518
1817
2547
2357
6830
9203
2840
8922
6791
4738
6036
1912
4234
2351
9461
7606
9389
7728
7072
3620
6581
2477
4507
5582
3658
1807
5610
3326
1491
346
2341
7552
473
4681
1126
4340
581
7265
2346
8804
1783
1638
8001
6630
266
7849
818
4959
5136
9269
9723
8826
4652
4464
9724
3409
6555
4252
2446
3186
2183
5683
1783
7942
9205
639
190
4253
3962
4127
1112
3250
1079
4957
3004
8292
6341
7778
2977
1213
2219
2058
7023
1489
1178
7893
1185
9023
7594
2761
1449
292
7414
1490
9634
3014
8257
6952
2026
7228
7320
120
4411
9372
4261
356
7104
9696
4049
6690
3758
4866
5959
3649
1514
4302
6230
81
903
8676
3952
1405
5538
765
1411
6196
3906
873
3119
2253
9557
4286
4686
2471
2697
9289
688
821
1143
5011
4801
9459
7254
4903
7389
5175
5259
6602
5164
5627
499
4879
3085
3338
1299
7932
8293
6526
6789
3060
1475
245
1476
1021
3910
8371
9659
7312
1723
4028
6351
1165
5804
1315
5392
4066
548
6688
9033
6612
724
3323
4508
9755
6728
5041
2231
8436
9570
1610
3509
4343
5407
2311
6156
3356
7255
4578
9344
5660
8782
2305
8335
4479
9804
2911
62
995
2841
1885
6936
8014
2594
575
2720
3202
8174
6244
9350
3585
4096
5611
1169
2927
4830
3901
7443
9237
373
5291
9122
3471
6301
9087
3932
3439
5160
4735
3043
7757
7815
2981
3029
1034
3861
3221
2027
8041
8885
7809
5305
984
2655
9434
7603
3187
6936
3757
2887
8340
5525
2395
74
9778
501
5473
9925
7392
82
5073
4992
1378
3355
5418
6811
64
6525
2453
6369
1685
249
5862
5836
1844
8333
7255
5455
2526
4164
8738
1015
302
5504
9953
2913
9155
5104
3567
4300
742
5471
4120
4618
7967
3898
3120
2236
7657
8356
7279
3873
9202
1597
5365
4271
6181
1799
340
6683
3572
8795
8482
1622
930
4209
2918
4448
812
7663
5155
7580
5478
6296
8956
2741
3921
3648
3821
6143
9107
4060
3839
6540
6701
9371
6017
6401
90
2062
9074
2742
1113
6364
2388
9089
7511
2959
2814
8784
4583
306
1083
5730
4468
3619
4345
2904
2259
4368
2124
9471
885
3181
8155
5503
4913
1782
9969
8245
9194
9288
8717
1936
7272
3312
3017
2261
456
7253
9368
2758
6734
2627
8113
3654
6170
7869
4887
3850
3763
8587
8954
3723
5457
7628
6530
2464
7133
9266
9978
7783
2167
8461
9695
5876
1786
9375
370
707
6302
6331
3204
2769
4208
6837
1269
2089
4663
4334
4926
1082
608
7472
7822
7705
9596
3833
1983
1034
8181
6252
611
5216
1796
2644
1552
7423
1029
2517
9373
5181
4855
1291
5169
6548
6676
8566
7352
862
8116
721
7016
4309
1186
6343
6692
9077
6931
4070
8002
9491
1446
175
7803
7204
1839
4568
2487
5315
318
4211
9940
3802
4633
4891
4891
6562
8851
5330
5168
1413
4748
6404
8048
4816
2580
4149
1838
1629
2432
3048
6684
1364
6604
160
5728
5059
718
9781
2101
106
6707
4286
601
5110
5817
926
401
8808
496
2172
553
5578
6109
1630
1543
402
6147
9423
7107
440
8129
5478
1516
916
2050
1386
7940
6930
5437
6670
3644
7884
431
8097
1064
820
4904
3190
9139
6332
4191
3454
436
320
4270
6350
6174
7303
9927
4660
7507
4185
2503
4595
8645
1704
4650
8623
6446
4889
6902
1455
5584
6585
1355
387
2375
7334
5125
2190
9196
207
7781
1499
2663
6841
9192
1202
5299
4948
4073
5988
3135
5632
4744
1347
1691
7035
7585
1901
5780
9223
2500
2141
4833
9643
6904
7121
4431
8364
9713
6829
9680
3083
3941
5569
5410
4552
4701
5490
9379
1214
9527
759
8424
8994
9016
930
8045
7213
3487
7624
2798
7157
2200
3042
3461
4524
5989
6465
4307
9373
3104
3830
830
1069
2944
1001
3798
9490
6978
74
8447
2417
3769
3885
1819
7960
5954
9728
5350
3542
2638
2029
9588
8204
3786
2971
888
7046
2356
4337
7854
9796
6237
6450
8136
7534
283
107
1771
2198
5941
8979
3509
3389
857
2821
390
6788
9697
4538
8799
4262
7487
5122
1291
2008
2686
2049
466
149
8565
7230
6033
5499
7322
9476
3373
4177
5765
5109
8729
9137
1995
4743
4039
181
6266
3372
7234
9969
1180
1105
9324
7795
8944
9252
4135
3215
2780
219
2761
1285
9299
6422
3961
3959
7791
5933
9476
6433
8536
4796
8481
7544
9514
9562
8922
6742
1579
329
3506
6020
5735
8109
7031
1117
4612
9311
6652
6786
6214
6749
2727
8187
1260
1837
7813
9304
7183
2578
2567
7922
8439
2453
1997
5082
9996
352
6231
316
614
6467
9132
9580
6891
1236
3285
1268
362
3692
5108
9418
9056
5266
6156
7782
8510
19
1483
9557
3752
6355
394
7736
3705
2814
5587
986
3376
8306
9793
237
1710
2300
8522
4422
8682
2782
5552
6858
8145
565
2854
5920
4870
7867
3710
3706
387
9081
4428
1334
5710
5421
5341
7500
3655
2087
2305
5550
794
3581
4442
2905
4325
1359
2621
3228
463
8424
8361
2534
9624
8385
5639
6114
8709
364
2062
6978
2540
9366
117
771
4544
9764
3485
6550
1008
2157
9281
143
6842
6278
1015
7050
3723
3399
4297
7911
8837
7469
3220
6950
6621
5261
3436
9162
8935
8226
8842
6179
2970
3096
7804
7796
681
4501
8923
3987
1644
2227
3273
5465
3892
2977
2252
94
2732
3375
1204
7786
4295
9176
9558
9486
9977
7553
2284
9507
1596
5374
5567
7486
1128
8409
6413
3490
5648
9258
4012
1443
5726
969
1523
5398
2704
4304
2726
1203
9199
337
1607
5430
7026
2568
3780
4678
4769
3448
1519
8691
1193
4632
8514
1780
7232
9864
8814
2315
6699
1033
4570
1339
5386
5610
2678
3922
8725
3973
9951
5137
5412
6102
4896
7943
4967
6202
950
9068
2145
6006
6308
9809
8846
9879
3013
3360
9900
2310
7093
6067
4528
482
3635
9110
8802
445
2973
4153
8051
6946
4393
2741
4304
7885
7480
1860
4420
6892
9654
6172
1478
5519
2765
4593
9573
9593
3613
3645
9193
1817
7614
6423
681
6956
7976
7905
5055
6136
9552
7603
7439
6995
595
7292
6630
7775
9096
4761
2330
684
3473
1185
4096
2097
1144
2865
4894
705
6595
8957
4880
115
8513
7536
6851
9305
4911
8817
6327
7122
665
8023
1852
9443
3820
8557
3019
9216
2929
8853
2152
3043
9533
2966
6348
3146
3776
7294
8368
739
7756
1228
9145
8612
5515
9536
6087
6310
355
7134
6263
9924
1198
8791
6880
9162
2319
8616
1233
5692
2488
3796
6593
2348
8116
6200
2795
3836
6865
325
7002
2969
9763
7580
4849
8783
3523
3085
647
8228
4686
8402
2038
8327
9973
2102
408
4300
6143
4993
4817
8969
7933
2427
3597
9894
2675
4313
3102
9025
8960
7765
8792
8239
9540
2263
6030
4115
59
4326
392
8187
4893
5130
3349
3302
6638
6915
968
2399
8749
3799
147
5599
6286
6452
9348
9915
3331
3016
9873
4961
4007
8997
699
1141
6833
4210
1336
4154
8792
8047
4813
7193
2683
7409
1178
3388
8831
9892
9114
2672
8765
8011
1342
1126
4616
8862
8628
583
6019
4691
555
8556
4620
6087
3008
7687
156
7858
5217
6873
6806
5120
9737
7859
5304
6784
4821
1356
7517
7869
6710
9952
997
9626
5820
5088
4693
7056
5946
2781
8879
2194
6084
7585
5308
13
613
5428
4526
3484
9184
6224
6374
5776
1224
2179
267
7141
3728
9133
4254
3115
793
363
6565
9748
5743
9900
5427
2949
2444
1209
8432
6618
4331
7485
9710
6713
8436
7437
9877
8606
1175
6472
7672
5091
7731
3794
9893
8565
2753
3635
6320
7683
9180
1216
1850
3057
680
9335
8762
5491
5546
1374
2095
8916
9144
1819
7533
3185
7797
9759
5888
7538
2492
183
7805
5498
9192
4622
2122
2317
6928
2556
1507
5523
3410
5996
7196
119
6569
3835
2028
4859
5547
9177
1335
3094
4988
3749
3724
6077
729
4913
8359
27
6969
4369
8726
236
7547
8937
6589
2330
8658
5269
8607
3097
3054
3051
3478
5262
67
6047
3262
3726
383
8951
6273
6346
2034
472
8413
7700
3257
9952
6864
1340
1510
1832
8059
9900
5792
856
7316
7320
3923
8107
3153
4299
1912
9125
2861
6600
6430
361
4965
3595
6765
3616
7564
829
6788
3338
1084
9359
1167
6618
9106
2893
1164
2427
9893
7740
9025
7100
1648
6962
7853
3243
4082
7721
9010
9377
162
2871
6129
6938
8823
899
6829
2127
6181
9433
1946
5656
9160
2382
7289
9793
9185
1867
7489
8489
6910
9467
1344
9757
9549
984
4301
5624
2692
89
8548
6476
9411
44
5245
1664
4172
1336
7657
3992
2626
6269
6125
2286
3014
8415
5896
1725
8938
6751
8661
5072
5222
1894
7963
7606
3229
1436
3161
8506
7677
8583
6312
4363
6940
4876
5586
6689
4231
5459
7016
2665
116
8181
7167
4922
3019
5430
1537
8876
5618
7800
9748
6582
9926
9992
2100
2546
5316
5708
7013
2986
1649
7924
1288
1248
6836
6791
9715
8570
1230
8703
9339
7623
9690
1186
8713
4304
1979
2772
6792
2685
9269
6242
9595
8003
1620
5368
7381
9311
8808
6726
8344
9329
6293
4515
4380
6757
7127
1084
2529
7990
7875
5496
7711
2982
3402
6447
4163
3143
3262
8728
7656
4281
8782
2915
8353
4793
4147
4425
1967
3001
3297
1694
599
3925
9177
5578
512
1200
7604
4111
4638
1232
908
2757
8791
559
7629
7207
6992
4934
1460
7099
7217
4346
1765
6469
3089
3250
3347
4065
8382
3678
3968
1318
65
4220
3708
1326
8204
6472
3072
5868
9872
6168
219
1993
6988
1966
4652
2473
9992
6538
9003
9466
1295
3964
5551
5800
6782
9775
9327
630
7350
5283
355
5521
410
9509
4810
5074
9935
2610
6012
1919
9704
5039
5668
142
4789
9510
4866
8664
9761
9532
4795
6249
2893
1338
9601
6544
9261
8716
6957
5135
8238
4655
2421
3156
5440
9044
6410
4526
9103
1249
7774
4986
5647
9762
4016
4930
3829
9412
6130
8634
9660
4150
3774
9764
2619
9605
1272
8571
4732
4225
7148
2813
6532
4886
6205
4386
9268
7041
3933
7795
6056
8265
9163
6491
9995
6029
3531
57
3387
8124
542
4370
4997
5268
9394
360
640
7026
4560
2522
27
8843
9941
2436
4979
3235
4575
495
4826
4894
3415
248
3088
9145
6785
5822
2377
2672
4299
6948
3775
8788
6656
8799
159
5475
5494
3882
71
5142
1827
4697
9215
1001
606
1076
4115
4111
5961
8631
6423
3355
3084
4164
5241
9202
1528
8693
747
5739
15
3465
8178
5470
4598
1815
949
425
9712
8232
6673
2387
7303
102
4187
1125
1778
9914
9251
2342
1802
5550
5492
1090
921
695
4385
4117
2380
2957
7577
1212
6651
1139
8607
8203
6784
7122
6061
3179
8552
4904
2627
3514
4915
4836
5979
9917
6429
1736
1509
8547
5209
8978
3167
2570
9218
2880
5717
7413
5112
9301
156
5848
6212
1887
5055
9787
852
8098
6989
2383
2002
9656
9857
8160
7779
2115
6873
9941
8530
849
7843
8700
730
7200
8335
8319
8275
8171
2927
6925
1161
6911
6897
6946
7065
2561
7561
9272
2884
8951
1753
1608
6007
7416
2716
7278
4280
1271
1594
3686
6461
6763
218
1551
3451
60
2710
5926
4527
22
9362
6731
2327
9479
9574
149
3775
3726
4027
8962
6552
7654
213
3813
8757
263
1842
3066
3844
4507
1614
9774
8125
154
6107
7388
3608
6310
6377
4106
8378
4863
5709
5428
4130
4283
3228
1452
8843
3468
1150
7801
7120
9113
9372
5284
5431
4459
7356
1112
8469
6581
661
6409
5925
1704
5720
1580
8376
7537
5940
9502
3920
2929
7179
6040
6255
3229
815
2252
8525
4744
4799
5
5025
8385
4305
2704
7857
6164
1281
5981
8972
1185
9066
1827
1043
2446
5670
9151
1481
4932
9895
7696
9315
3758
3538
6626
9358
4862
8493
5780
8495
7829
464
2734
8525
4751
8249
1831
1713
5478
6523
6346
8700
5398
2365
6224
5082
7698
8080
7977
4034
5713
9817
2994
112
7596
1387
9855
4265
7957
1907
5663
9827
1464
855
6472
5559
281
6128
4555
6708
7055
9795
3796
1576
969
3786
2113
7132
464
9928
9073
8362
6213
1824
8908
7591
6379
6416
7635
7010
4166
7849
8679
6895
8738
2557
3158
3657
1688
680
7463
6977
5049
3700
6368
7717
1871
7140
6669
4611
6522
4481
4084
3438
364
2213
6363
5210
670
863
8650
4687
4849
5085
6467
9321
7459
43
8406
2867
7338
1603
6279
8883
6203
3795
2774
2653
9980
2045
6244
25
1576
3953
2136
2679
1121
7899
3949
1309
8203
2587
1387
1837
4982
3359
6680
1739
3679
9489
6698
9954
3326
7478
4868
3933
3176
3442
1174
6992
882
8078
2495
4052
282
6597
4191
2419
8412
4892
9854
8196
2947
1817
3508
5698
7887
1426
6203
2614
3429
8185
5027
6171
4516
8204
2335
6495
8722
3181
3581
9120
327
8156
1440
8403
1665
4951
7868
6285
4289
1386
7108
6226
8641
9968
7589
354
129
8822
554
8289
5578
8222
3485
9960
200
851
854
5905
7343
4273
7895
9008
4425
4350
5297
4605
1847
2328
2195
6453
2999
7842
1085
9429
6586
9503
1297
7017
8881
6295
727
3543
98
4190
9319
341
8768
4257
7737
9070
879
2421
5603
1869
4538
1632
4537
9141
5184
1336
1332
3074
4056
4062
5239
2521
1572
1349
9091
5808
5487
6376
458
3573
2904
9120
9097
6287
8365
654
7317
2294
1236
9367
213
8425
3212
8162
5076
8304
9605
1828
4888
6435
6800
6622
6423
1143
6499
6389
1170
8038
6791
2073
9192
233
373
6480
1755
6649
8595
6884
1114
3096
8656
9533
4270
7142
5703
7214
3252
5356
8030
1683
5031
3249
4857
7098
1170
7410
3320
5589
8531
7895
235
2569
2922
5625
6863
7323
9742
4502
4631
7264
8970
1315
2111
4333
8874
3909
1454
8513
8269
5547
505
2773
6033
8338
81
241
3427
6792
7639
5927
4883
9320
1339
4310
8092
6431
458
888
277
7639
8417
6945
4662
690
3551
9114
3963
1820
6672
8101
4346
1880
3596
4877
8384
4667
3550
3914
2791
5918
4090
5398
2199
9593
4858
8135
7851
2908
1662
2623
9512
4233
4687
5699
6163
630
708
5383
8024
9404
5511
9387
5076
5287
4084
7582
8112
6234
8946
8148
2044
2904
5315
4733
9072
2855
9350
4515
1428
4483
5499
1731
6155
7757
3355
831
4855
7045
6510
221
9164
3553
4496
346
6106
1084
2225
3511
657
9953
9944
3716
2384
55
8150
8890
353
2451
6646
6157
1655
3135
9748
106
79
8390
9026
1483
3344
3377
9569
6904
953
9257
9920
3422
3570
9836
164
3799
9058
7366
5368
8834
4319
7937
5990
3045
9608
4913
2520
4094
5028
561
1800
8282
763
4904
6741
2334
7488
5292
6539
4025
6007
8904
9876
3725
9471
3323
7825
1554
5557
1810
2344
1184
1837
846
5441
861
7980
8502
6476
9789
3553
6851
2188
2651
5697
484
7449
432
4182
8095
1841
803
311
2844
9715
9762
8913
6560
8104
444
3628
1413
4858
6240
6287
2867
2115
5207
9751
9177
1704
9650
7857
297
4512
2024
2623
9604
9452
5597
7294
6478
3009
4974
5635
9810
2340
356
8140
2008
6874
7813
2412
4364
1594
1522
8187
7014
6388
2772
5722
8005
3960
9045
3785
2202
3277
6539
5701
5012
6809
7559
6765
6182
2808
7971
5007
3244
8894
2419
9758
7712
5014
2397
4579
6444
3580
4412
272
7800
3450
8646
1064
6189
4147
5870
1871
9552
5487
229
3737
9967
3488
8096
687
2136
8458
9972
6692
2805
9219
5480
551
1523
7177
6161
3440
9334
3028
6987
4716
5222
7342
4509
3173
5780
5088
8997
2945
7401
3689
4406
273
7357
6866
5940
5298
9111
6344
597
579
2640
5098
6813
554
5144
9576
466
8544
3217
9313
9212
7105
76
873
1317
4995
9148
6487
4682
5320
429
3975
8319
4794
7209
4841
6781
9216
178
5890
9042
9917
5556
8611
2449
822
4489
6049
1762
1249
5063
4974
5684
3176
8890
1123
811
9281
2877
9851
4954
6853
4287
2731
1151
7885
8536
9704
4919
955
9901
1058
1750
7919
7128
8805
3880
6096
5089
538
2176
5711
4619
7088
7240
8633
5473
8324
4808
4399
5053
4059
3742
7979
7450
5776
4078
5349
3247
8569
9786
7171
4630
5174
8784
5204
386
3283
1711
2376
3492
2067
8533
1719
6508
8167
4570
5027
3980
4699
1624
7016
6221
236
7260
7679
5193
1068
1652
7716
3710
3732
5509
2435
6899
2477
1579
4996
3418
9745
826
4122
2849
9327
900
587
6493
4908
4410
5656
6346
2406
1160
3069
9975
2939
4708
153
9447
4271
361
3614
8675
1436
578
8906
1981
4366
1960
5856
3354
2068
4169
7687
5779
1516
4431
8213
8143
9647
8065
3095
3615
5894
5199
2095
5379
2825
3096
7571
2332
8846
7338
8690
6525
8129
4911
1327
3519
1457
9205
8267
6344
9253
2440
9565
5055
211
7763
409
9514
4886
7018
4024
4482
7858
5098
6068
7629
6489
6549
5381
226
1010
4816
8567
9242
9770
2458
9465
1678
4454
9547
7255
3068
1960
6147
7273
9383
7431
4554
5882
8788
9964
1659
8814
4574
5218
3885
3004
8336
1758
3832
171
9340
2995
5948
1009
4503
8069
5875
3289
876
3960
9790
4102
2921
4279
8349
6789
5417
7720
4694
16
2733
885
776
8292
3145
5905
4540
365
6462
2987
1561
9594
6995
3928
3350
6902
3318
4504
6727
4385
166
5654
3672
4905
2231
7614
1482
9708
6663
9189
2479
9833
4623
4123
1065
694
2249
9946
1688
2497
663
2921
2576
7359
2801
1978
8189
6995
11
5262
2521
8551
6828
822
1005
4462
1069
3106
5348
8438
3237
7533
781
7779
8124
2660
2791
6443
969
5709
7915
9407
1488
1553
6732
8556
3186
9275
6309
3424
1294
9510
6460
6340
904
6103
7827
5868
1769
4896
5504
6936
5580
474
88
4461
4868
6512
8369
290
7725
4161
2926
7172
5213
4137
1488
245
6598
5482
5720
5749
9934
7142
4142
6553
5689
3154
8597
9006
5657
6820
2401
1166

Min: 10000
Max: 3
Average: 4996,3919
